%YAML:1.0
---
image_width: 1280
image_height: 720
camera_matrix: !!opencv-matrix
   rows: 3
   cols: 3
   dt: d
   data: [ 7.7460122392177982e+02, 0., 6.3016079195933241e+02, 0.,
       7.7240656556207080e+02, 3.4582181198141024e+02, 0., 0., 1. ]
distortion_coefficients: !!opencv-matrix
   rows: 1
   cols: 5
   dt: d
   data: [ 8.5140552206371845e-02, -1.5517260021088966e-01,
       -3.5007349355228403e-03, -3.5029485383879806e-03,
       -4.0378765316216161e-02 ]
avg_reprojection_error: 2.2968977105500801e-01
